19 0
18 1
1030 2
21 3
80 4
0 5
276 6
5 7
277 8
273 9
1030 10
278 11
301 12
275 13
274 14
268 15
269 16
283 17
282 18
1030 19
299 20
281 21
1314 22
1320 23
1318 24
1310 25
1030 26
1312 27
1315 28
1030 29
1313 30
1030 31
1653 32
1319 33
1030 34
1324 35
1322 36
775 37
1316 38
1317 39
1030 40
778 41
776 42
777 43
1030 44
780 45
781 46
779 47
782 48
1321 49
783 50
901 51
1323 52
1030 53
902 54
1030 55
903 56
908 57
909 58
905 59
904 60
1030 61
1669 62
1670 63
1654 64
1655 65
944 66
1030 67
906 68
1309 69
1298 70
1030 71
1308 72
1643 73
1645 74
1311 75
1030 76
1646 77
1648 78
1651 79
1652 80
1030 81
1647 82
1634 83
1642 84
1626 85
1030 86
1644 87
1030 88
1624 89
1630 90
1628 91
1030 92
1627 93
1625 94
1030 95
1614 96
1615 97
1617 98
1030 99
1637 100
1636 101
1631 102
1635 103
1629 104
1660 105
1030 106
1633 107
1632 108
1668 109
1650 110
1649 111
1667 112
1030 113
1666 114
1672 115
1673 116
1030 117
1664 118
1030 119
1030 120
1665 121
1674 122
270 123
1030 124
1030 125
1671 126
1675 127
272 128
1030 129
271 130
1030 131
789 132
953 133
786 134
1030 135
787 136
788 137
938 138
1011 139
1010 140
1030 141
954 142
955 143
1030 144
760 145
917 146
771 147
914 148
900 149
899 150
918 151
919 152
1030 153
935 154
930 155
934 156
937 157
921 158
1030 159
922 160
1030 161
923 162
907 163
915 164
916 165
920 166
1030 167
911 168
910 169
924 170
926 171
925 172
945 173
913 174
1030 175
912 176
936 177
1030 178
949 179
947 180
948 181
950 182
959 183
1013 184
958 185
952 186
16 187
17 188
78 189
1015 190
79 191
15 192
23 193
1030 194
1014 195
1030 196
1030 197
27 198
83 199
14 200
1030 201
3 202
2 203
1 204
956 205
957 206
8 207
1030 208
22 209
951 210
946 211
1030 212
1012 213
939 214
942 215
943 216
941 217
1016 218
1018 219
1019 220
1017 221
964 222
994 223
993 224
26 225
43 226
1030 227
25 228
1030 229
24 230
1030 231
1025 232
1030 233
1024 234
264 235
1661 236
1657 237
303 238
304 239
311 240
34 241
40 242
35 243
1030 244
313 245
312 246
1030 247
1030 248
300 249
305 250
307 251
294 252
293 253
295 254
1030 255
306 256
267 257
265 258
284 259
302 260
32 261
1030 262
6 263
298 264
308 265
310 266
309 267
297 268
1030 269
296 270
345 271
341 272
342 273
343 274
315 275
314 276
42 277
36 278
41 279
1030 280
76 281
71 282
348 283
1030 284
349 285
7 286
4 287
1030 288
10 289
9 290
11 291
33 292
37 293
38 294
28 295
1030 296
20 297
82 298
86 299
81 300
1030 301
85 302
29 303
31 304
30 305
84 306
87 307
1030 308
91 309
59 310
63 311
1030 312
64 313
77 314
90 315
1030 316
13 317
1030 318
39 319
12 320
1030 321
1030 322
51 323
1030 324
70 325
52 326
75 327
135 328
279 329
130 330
131 331
1030 332
134 333
266 334
154 335
164 336
155 337
165 338
1030 339
1030 340
128 341
159 342
1030 343
163 344
171 345
1030 346
1030 347
160 348
129 349
189 350
190 351
188 352
1030 353
172 354
173 355
132 356
1030 357
133 358
285 359
280 360
286 361
1030 362
355 363
1030 364
193 365
192 366
287 367
363 368
1621 369
1622 370
261 371
262 372
263 373
156 374
157 375
1030 376
158 377
1658 378
1662 379
1663 380
1532 381
1030 382
1527 383
1534 384
1533 385
153 386
146 387
144 388
145 389
1531 390
166 391
167 392
1659 393
1656 394
1030 395
1623 396
1521 397
1520 398
1526 399
1529 400
1030 401
1528 402
1030 403
1030 404
1523 405
1522 406
1562 407
1561 408
1581 409
1582 410
1580 411
1030 412
1030 413
1525 414
148 415
147 416
1584 417
1577 418
202 419
1030 420
222 421
1535 422
1030 423
1530 424
1585 425
140 426
1537 427
1030 428
1567 429
1564 430
1565 431
1030 432
1566 433
1568 434
1195 435
1030 436
142 437
141 438
1524 439
1574 440
1203 441
1202 442
1204 443
1030 444
1030 445
1030 446
174 447
183 448
170 449
169 450
168 451
1030 452
1030 453
139 454
149 455
143 456
150 457
1030 458
176 459
177 460
152 461
179 462
151 463
1030 464
206 465
205 466
207 467
231 468
178 469
180 470
1030 471
184 472
185 473
1030 474
364 475
356 476
357 477
288 478
289 479
1030 480
359 481
290 482
1030 483
291 484
194 485
191 486
1030 487
175 488
1030 489
181 490
182 491
354 492
195 493
196 494
358 495
1030 496
136 497
138 498
137 499
162 500
161 501
197 502
198 503
199 504
186 505
187 506
254 507
1030 508
240 509
1030 510
256 511
292 512
365 513
360 514
361 515
362 516
338 517
337 518
259 519
257 520
1030 521
339 522
1420 523
1363 524
1367 525
1362 526
1030 527
1416 528
1423 529
1422 530
1451 531
1417 532
1419 533
1444 534
1030 535
1030 536
1453 537
1446 538
1455 539
1030 540
1448 541
1447 542
1449 543
1445 544
1592 545
1591 546
1590 547
1599 548
1030 549
1030 550
1601 551
1602 552
1596 553
1030 554
1595 555
1594 556
1030 557
1359 558
1364 559
1380 560
1326 561
1327 562
1030 563
1381 564
1328 565
1030 566
1042 567
1043 568
1382 569
1060 570
1346 571
1030 572
1476 573
1600 574
1597 575
1598 576
1030 577
1336 578
1030 579
1454 580
1450 581
1452 582
1344 583
1517 584
1516 585
1343 586
1341 587
1421 588
1335 589
1333 590
1334 591
1325 592
1366 593
1365 594
1030 595
1338 596
1329 597
1330 598
1339 599
1030 600
1340 601
1331 602
1332 603
1030 604
1030 605
1347 606
1351 607
1030 608
1337 609
1350 610
1352 611
1519 612
1518 613
1354 614
1342 615
1556 616
1030 617
1345 618
827 619
1030 620
818 621
817 622
816 623
1030 624
825 625
826 626
884 627
1030 628
744 629
1030 630
715 631
716 632
721 633
736 634
720 635
1030 636
719 637
717 638
706 639
718 640
708 641
700 642
709 643
1030 644
1030 645
713 646
714 647
1030 648
699 649
800 650
1030 651
1030 652
805 653
693 654
808 655
810 656
712 657
694 658
695 659
809 660
824 661
815 662
807 663
806 664
1030 665
801 666
804 667
765 668
1030 669
927 670
898 671
784 672
773 673
772 674
929 675
931 676
928 677
769 678
767 679
768 680
757 681
756 682
1030 683
1030 684
761 685
764 686
1030 687
763 688
762 689
766 690
774 691
1030 692
770 693
743 694
740 695
742 696
741 697
735 698
733 699
1030 700
726 701
1030 702
728 703
739 704
1030 705
737 706
738 707
745 708
746 709
1030 710
785 711
1030 712
829 713
828 714
830 715
932 716
1009 717
1008 718
705 719
702 720
707 721
710 722
1030 723
703 724
711 725
722 726
701 727
1250 728
1249 729
1030 730
704 731
696 732
1030 733
698 734
1247 735
1246 736
1030 737
1251 738
1248 739
1245 740
1235 741
1030 742
1237 743
1030 744
1240 745
1241 746
1244 747
1030 748
1242 749
1030 750
1243 751
1229 752
1239 753
1411 754
1413 755
1410 756
1414 757
1238 758
1223 759
1030 760
1415 761
1222 762
1224 763
691 764
688 765
802 766
803 767
1221 768
689 769
799 770
690 771
1225 772
1227 773
1226 774
1030 775
697 776
692 777
1398 778
1408 779
1397 780
1236 781
1030 782
1228 783
1230 784
1231 785
1030 786
1473 787
1030 788
1474 789
1233 790
1232 791
1475 792
1234 793
1401 794
1402 795
1407 796
1405 797
1406 798
1404 799
1030 800
1375 801
1399 802
1030 803
1403 804
1373 805
1395 806
1400 807
1372 808
1394 809
1393 810
1030 811
1396 812
1376 813
1371 814
1374 815
1377 816
1368 817
1369 818
1030 819
1370 820
1030 821
1378 822
1379 823
1030 824
1439 825
1438 826
1436 827
1437 828
1441 829
1440 830
1442 831
1434 832
1430 833
1432 834
1030 835
1431 836
1425 837
1433 838
1435 839
1428 840
1030 841
1030 842
1424 843
1426 844
1429 845
1030 846
1427 847
1418 848
1443 849
1472 850
1030 851
1296 852
1297 853
1288 854
1287 855
1293 856
1292 857
1294 858
1290 859
1286 860
1289 861
1030 862
1030 863
1639 864
1638 865
1030 866
1295 867
1030 868
1271 869
1269 870
1267 871
1266 872
1263 873
1258 874
1259 875
1254 876
1030 877
1257 878
1256 879
1030 880
1252 881
1255 882
1253 883
1030 884
1460 885
1264 886
1265 887
1261 888
1030 889
1262 890
1466 891
1469 892
1030 893
1462 894
1467 895
1468 896
1030 897
1471 898
1030 899
1463 900
1458 901
1459 902
1461 903
1030 904
1456 905
1457 906
1464 907
1465 908
1470 909
1030 910
1609 911
1610 912
1607 913
1593 914
1030 915
1603 916
1604 917
1030 918
1030 919
1612 920
1605 921
1616 922
1620 923
1613 924
1618 925
1619 926
1640 927
1641 928
1606 929
1608 930
1611 931
758 932
1030 933
759 934
755 935
1030 936
753 937
754 938
1303 939
747 940
1030 941
751 942
752 943
750 944
749 945
748 946
1307 947
1306 948
1305 949
1304 950
1299 951
1030 952
1291 953
1300 954
1030 955
1302 956
1301 957
1030 958
1030 959
1284 960
1281 961
1030 962
1283 963
1282 964
1279 965
1280 966
1270 967
1268 968
1030 969
1260 970
1274 971
1272 972
1273 973
1278 974
1276 975
1030 976
734 977
732 978
1030 979
731 980
730 981
729 982
1285 983
1275 984
1277 985
724 986
1030 987
725 988
727 989
723 990
1030 991
1030 992
1386 993
1384 994
1388 995
1030 996
1383 997
1385 998
1030 999
796 1000
792 1001
1409 1002
1030 1003
1030 1004
1412 1005
1387 1006
1390 1007
1030 1008
797 1009
790 1010
798 1011
1392 1012
791 1013
1391 1014
1030 1015
794 1016
795 1017
793 1018
814 1019
813 1020
1030 1021
577 1022
820 1023
586 1024
587 1025
879 1026
821 1027
822 1028
812 1029
811 1030
573 1031
1030 1032
1030 1033
1030 1034
574 1035
575 1036
576 1037
498 1038
578 1039
1030 1040
491 1041
565 1042
442 1043
566 1044
436 1045
568 1046
567 1047
1030 1048
580 1049
570 1050
490 1051
489 1052
446 1053
484 1054
445 1055
1030 1056
1030 1057
443 1058
579 1059
444 1060
1030 1061
488 1062
441 1063
447 1064
581 1065
492 1066
1030 1067
561 1068
562 1069
554 1070
551 1071
553 1072
1030 1073
1030 1074
419 1075
432 1076
434 1077
420 1078
1030 1079
555 1080
560 1081
552 1082
550 1083
564 1084
569 1085
1030 1086
556 1087
563 1088
549 1089
1030 1090
559 1091
426 1092
558 1093
423 1094
421 1095
1030 1096
422 1097
435 1098
437 1099
1030 1100
440 1101
430 1102
448 1103
1030 1104
429 1105
385 1106
501 1107
500 1108
502 1109
379 1110
383 1111
428 1112
424 1113
425 1114
1030 1115
381 1116
380 1117
384 1118
1030 1119
397 1120
382 1121
503 1122
431 1123
433 1124
1030 1125
427 1126
439 1127
438 1128
572 1129
504 1130
557 1131
582 1132
584 1133
1030 1134
585 1135
1030 1136
583 1137
680 1138
681 1139
679 1140
399 1141
398 1142
458 1143
459 1144
1030 1145
386 1146
396 1147
388 1148
387 1149
1030 1150
1030 1151
1030 1152
450 1153
449 1154
451 1155
1030 1156
483 1157
455 1158
452 1159
454 1160
1030 1161
456 1162
480 1163
1030 1164
1030 1165
457 1166
472 1167
473 1168
469 1169
471 1170
470 1171
474 1172
1030 1173
486 1174
478 1175
476 1176
475 1177
1030 1178
477 1179
468 1180
479 1181
487 1182
463 1183
460 1184
461 1185
462 1186
1030 1187
464 1188
465 1189
401 1190
400 1191
1030 1192
1030 1193
402 1194
414 1195
413 1196
467 1197
1030 1198
1030 1199
466 1200
412 1201
415 1202
418 1203
416 1204
417 1205
1030 1206
485 1207
481 1208
482 1209
493 1210
494 1211
495 1212
1030 1213
620 1214
619 1215
614 1216
611 1217
611 1218
1030 1219
613 1220
590 1221
589 1222
588 1223
632 1224
599 1225
600 1226
605 1227
1030 1228
603 1229
606 1230
607 1231
604 1232
592 1233
591 1234
1030 1235
634 1236
594 1237
593 1238
639 1239
633 1240
635 1241
636 1242
637 1243
638 1244
601 1245
595 1246
602 1247
1030 1248
616 1249
618 1250
596 1251
598 1252
597 1253
1030 1254
1030 1255
609 1256
1030 1257
608 1258
617 1259
612 1260
647 1261
1030 1262
653 1263
652 1264
648 1265
649 1266
1030 1267
615 1268
1030 1269
650 1270
651 1271
663 1272
655 1273
654 1274
623 1275
622 1276
1030 1277
621 1278
662 1279
658 1280
656 1281
657 1282
1030 1283
1030 1284
665 1285
664 1286
667 1287
1030 1288
668 1289
642 1290
641 1291
670 1292
661 1293
660 1294
645 1295
1030 1296
659 1297
644 1298
671 1299
1030 1300
883 1301
880 1302
823 1303
1030 1304
686 1305
685 1306
684 1307
687 1308
1030 1309
847 1310
1030 1311
1051 1312
1054 1313
497 1314
1058 1315
496 1316
1361 1317
1360 1318
1389 1319
1049 1320
1048 1321
1050 1322
1030 1323
1045 1324
1044 1325
1055 1326
518 1327
378 1328
1030 1329
499 1330
1057 1331
1059 1332
1052 1333
571 1334
1030 1335
539 1336
1030 1337
1053 1338
547 1339
1030 1340
505 1341
523 1342
508 1343
1030 1344
507 1345
506 1346
536 1347
537 1348
538 1349
548 1350
1030 1351
541 1352
540 1353
1030 1354
510 1355
511 1356
512 1357
533 1358
1030 1359
543 1360
515 1361
513 1362
535 1363
1030 1364
544 1365
542 1366
546 1367
545 1368
1030 1369
517 1370
519 1371
389 1372
516 1373
390 1374
391 1375
393 1376
1030 1377
395 1378
394 1379
1030 1380
1030 1381
520 1382
1030 1383
522 1384
521 1385
392 1386
526 1387
527 1388
1030 1389
509 1390
406 1391
1030 1392
1030 1393
404 1394
403 1395
407 1396
524 1397
405 1398
408 1399
525 1400
409 1401
411 1402
410 1403
514 1404
1030 1405
534 1406
529 1407
531 1408
530 1409
528 1410
532 1411
627 1412
628 1413
625 1414
624 1415
626 1416
1030 1417
629 1418
1030 1419
1030 1420
630 1421
631 1422
1030 1423
1066 1424
1072 1425
646 1426
1067 1427
640 1428
1030 1429
643 1430
673 1431
1030 1432
1056 1433
1062 1434
1030 1435
1046 1436
1047 1437
1030 1438
1063 1439
1030 1440
1061 1441
833 1442
834 1443
933 1444
831 1445
885 1446
819 1447
881 1448
878 1449
882 1450
886 1451
832 1452
1030 1453
889 1454
888 1455
887 1456
1030 1457
940 1458
835 1459
1030 1460
894 1461
893 1462
867 1463
962 1464
1030 1465
963 1466
868 1467
1030 1468
896 1469
1030 1470
970 1471
1020 1472
971 1473
1030 1474
892 1475
891 1476
866 1477
865 1478
890 1479
851 1480
1030 1481
859 1482
1030 1483
895 1484
858 1485
1030 1486
877 1487
871 1488
873 1489
872 1490
1030 1491
876 1492
855 1493
860 1494
870 1495
869 1496
843 1497
844 1498
1030 1499
863 1500
857 1501
856 1502
1030 1503
862 1504
874 1505
875 1506
864 1507
369 1508
368 1509
373 1510
1030 1511
370 1512
968 1513
967 1514
372 1515
972 1516
1021 1517
1030 1518
1030 1519
969 1520
897 1521
1506 1522
1492 1523
1484 1524
1487 1525
1486 1526
1501 1527
1503 1528
1502 1529
1030 1530
1498 1531
842 1532
840 1533
841 1534
1497 1535
1030 1536
1512 1537
861 1538
366 1539
1513 1540
1509 1541
1510 1542
1030 1543
1511 1544
1495 1545
1494 1546
1508 1547
1030 1548
1682 1549
1688 1550
1683 1551
1681 1552
1030 1553
1507 1554
1515 1555
1514 1556
1030 1557
1031 1558
1689 1559
1035 1560
1030 1561
367 1562
1033 1563
1032 1564
1034 1565
1036 1566
1030 1567
371 1568
1037 1569
1030 1570
674 1571
836 1572
1075 1573
1491 1574
1074 1575
1490 1576
1030 1577
1030 1578
1064 1579
1065 1580
1068 1581
1071 1582
1069 1583
1070 1584
1482 1585
1483 1586
1488 1587
1030 1588
1073 1589
1493 1590
1489 1591
1496 1592
850 1593
846 1594
848 1595
849 1596
1030 1597
853 1598
854 1599
845 1600
675 1601
683 1602
676 1603
1030 1604
677 1605
678 1606
839 1607
838 1608
1030 1609
672 1610
682 1611
666 1612
1030 1613
669 1614
852 1615
1030 1616
837 1617
1030 1618
1559 1619
1558 1620
1557 1621
1560 1622
1030 1623
1355 1624
1357 1625
1030 1626
1356 1627
1504 1628
1505 1629
1680 1630
1677 1631
1679 1632
1678 1633
1030 1634
1353 1635
1348 1636
1349 1637
1485 1638
1030 1639
1481 1640
1358 1641
1030 1642
1499 1643
1500 1644
1135 1645
1030 1646
1132 1647
1551 1648
1552 1649
1030 1650
1131 1651
1030 1652
1133 1653
1126 1654
1122 1655
1125 1656
1124 1657
1137 1658
1136 1659
1030 1660
1103 1661
1127 1662
1123 1663
1108 1664
1109 1665
1030 1666
1104 1667
1107 1668
1106 1669
1121 1670
1142 1671
1129 1672
1141 1673
1030 1674
1102 1675
1105 1676
1099 1677
1113 1678
1120 1679
1111 1680
1118 1681
1110 1682
1030 1683
1112 1684
1030 1685
1139 1686
1030 1687
1140 1688
1114 1689
1030 1690
1101 1691
1077 1692
1115 1693
1100 1694
1030 1695
1078 1696
1117 1697
1116 1698
1128 1699
1477 1700
1478 1701
1480 1702
1030 1703
1479 1704
258 1705
340 1706
260 1707
253 1708
1030 1709
252 1710
251 1711
255 1712
241 1713
228 1714
250 1715
239 1716
1030 1717
209 1718
1030 1719
211 1720
1030 1721
1030 1722
217 1723
219 1724
1030 1725
247 1726
235 1727
333 1728
1030 1729
230 1730
1030 1731
227 1732
229 1733
320 1734
1030 1735
248 1736
220 1737
221 1738
243 1739
125 1740
237 1741
236 1742
238 1743
232 1744
234 1745
233 1746
1030 1747
210 1748
208 1749
1030 1750
213 1751
212 1752
124 1753
1030 1754
214 1755
242 1756
249 1757
244 1758
246 1759
127 1760
123 1761
218 1762
215 1763
113 1764
1030 1765
216 1766
114 1767
92 1768
93 1769
122 1770
108 1771
121 1772
1030 1773
117 1774
94 1775
126 1776
1030 1777
109 1778
245 1779
110 1780
200 1781
201 1782
1207 1783
1205 1784
1206 1785
1030 1786
1573 1787
1576 1788
1575 1789
1030 1790
1201 1791
1192 1792
1190 1793
1189 1794
1196 1795
1197 1796
1030 1797
1191 1798
1087 1799
1186 1800
1187 1801
1188 1802
1194 1803
1193 1804
1086 1805
1085 1806
1030 1807
1092 1808
1030 1809
1157 1810
1159 1811
1144 1812
1150 1813
1030 1814
1151 1815
1169 1816
1149 1817
1153 1818
1172 1819
1143 1820
1030 1821
1152 1822
1160 1823
1161 1824
1162 1825
1030 1826
1180 1827
1163 1828
1030 1829
1154 1830
1145 1831
1082 1832
1084 1833
1080 1834
1156 1835
1030 1836
1030 1837
1081 1838
1030 1839
1079 1840
1076 1841
1030 1842
1147 1843
1083 1844
1155 1845
1030 1846
1213 1847
1216 1848
1030 1849
1030 1850
1158 1851
1208 1852
1210 1853
1209 1854
1211 1855
1212 1856
1030 1857
1030 1858
1572 1859
1536 1860
1030 1861
1569 1862
1200 1863
1095 1864
1570 1865
1199 1866
1198 1867
1544 1868
1542 1869
1090 1870
1088 1871
1089 1872
1096 1873
1097 1874
1093 1875
1094 1876
1098 1877
1030 1878
1540 1879
1543 1880
1545 1881
1538 1882
1030 1883
1030 1884
1539 1885
1549 1886
1541 1887
1547 1888
1030 1889
1546 1890
1550 1891
1548 1892
1030 1893
1177 1894
1554 1895
1091 1896
1170 1897
1168 1898
1178 1899
1134 1900
1553 1901
1175 1902
1174 1903
1138 1904
1030 1905
1173 1906
1130 1907
1179 1908
1171 1909
1030 1910
1182 1911
1184 1912
1181 1913
1183 1914
1185 1915
1176 1916
1030 1917
1220 1918
1030 1919
1219 1920
1218 1921
1215 1922
1579 1923
1217 1924
1214 1925
1030 1926
1571 1927
1555 1928
1146 1929
1030 1930
1164 1931
1148 1932
1165 1933
1030 1934
1119 1935
1166 1936
1167 1937
1589 1938
225 1939
226 1940
1587 1941
1030 1942
1586 1943
1697 1944
1696 1945
1588 1946
316 1947
1578 1948
224 1949
203 1950
204 1951
223 1952
1030 1953
1030 1954
1583 1955
1563 1956
1676 1957
1030 1958
1684 1959
1692 1960
1693 1961
1694 1962
104 1963
1030 1964
105 1965
107 1966
95 1967
99 1968
1030 1969
97 1970
100 1971
106 1972
98 1973
116 1974
1030 1975
120 1976
118 1977
1030 1978
1030 1979
96 1980
112 1981
1030 1982
119 1983
115 1984
1030 1985
102 1986
101 1987
111 1988
103 1989
53 1990
1030 1991
49 1992
54 1993
66 1994
68 1995
67 1996
1030 1997
65 1998
74 1999
350 2000
344 2001
346 2002
336 2003
347 2004
1030 2005
335 2006
328 2007
325 2008
323 2009
322 2010
321 2011
1030 2012
1030 2013
334 2014
351 2015
329 2016
1030 2017
1030 2018
73 2019
72 2020
1030 2021
56 2022
50 2023
1030 2024
58 2025
331 2026
1030 2027
330 2028
353 2029
352 2030
1030 2031
57 2032
332 2033
989 2034
988 2035
991 2036
1708 2037
327 2038
990 2039
1709 2040
55 2041
1704 2042
1706 2043
1699 2044
1030 2045
317 2046
319 2047
318 2048
1707 2049
324 2050
1695 2051
981 2052
983 2053
984 2054
1702 2055
375 2056
1030 2057
374 2058
1039 2059
1038 2060
1040 2061
1030 2062
1030 2063
1703 2064
1041 2065
1701 2066
1030 2067
1700 2068
1687 2069
1685 2070
1686 2071
1690 2072
1691 2073
1705 2074
1698 2075
326 2076
1030 2077
1030 2078
89 2079
88 2080
62 2081
61 2082
992 2083
1026 2084
995 2085
1007 2086
1029 2087
1006 2088
1005 2089
1004 2090
997 2091
69 2092
48 2093
46 2094
60 2095
45 2096
47 2097
1030 2098
996 2099
980 2100
1030 2101
44 2102
998 2103
985 2104
1030 2105
987 2106
966 2107
965 2108
975 2109
1030 2110
1027 2111
1000 2112
1001 2113
1028 2114
1002 2115
1003 2116
1030 2117
978 2118
976 2119
1030 2120
977 2121
979 2122
1023 2123
1022 2124
999 2125
986 2126
1030 2127
961 2128
982 2129
960 2130
974 2131
973 2132
376 2133
377 2134
1030 2135
1030 2136
1030 2137
