3 1710
-2.5609 -2.0023 2.7533
-2.3317 -2.6124 2.3367
-2.0966 -2.9153 2.2662
-2.3203 -2.885 2.0349
-2.5749 -2.6942 2.3025
-3.0172 -2.2213 2.5525
-3.0725 -2.4338 2.2436
-3.2814 -2.627 2.0604
-2.2245 -3.1478 1.6627
-2.5237 -3.1062 1.5159
-2.7233 -2.972 1.911
-3.1199 -2.7553 1.8294
-3.0262 -3.1607 0.8833
-3.2779 -3.0398 0.7109
-2.0329 -3.7141 2.3555
-2.2195 -3.7614 2.2421
-2.1187 -4.2089 2.9045
-2.1674 -4.4611 2.9155
-2.5017 -4.0149 2.7616
-2.682 -4.4525 2.9047
-2.8927 -4.0515 2.2494
-2.9563 -4.3588 2.5336
-2.2793 -3.3445 1.4127
-2.1732 -3.7735 1.9104
-2.2207 -3.8719 1.0335
-2.3478 -3.3124 1.1864
-2.3774 -3.3752 0.7022
-2.3449 -4.0134 1.5706
-2.868 -4.1902 1.8961
-2.6688 -4.2758 1.5003
-2.7783 -4.2034 1.0491
-3.2443 -4.5884 0.7835
-3.7433 -2.0278 2.1807
-3.5225 -2.538 1.8103
-3.8845 -2.0749 1.9234
-3.8651 -2.4727 1.4175
-3.8707 -2.4686 0.8537
-3.4002 -2.722 1.602
-3.3179 -2.9076 1.3052
-3.4675 -2.7936 1.0889
-4.0321 -2.0469 1.5727
-4.0977 -2.187 1.0862
-4.2386 -2.0014 1.1038
-2.4687 -3.2619 0.3882
-2.0048 -2.7648 -0.6863
-2.122 -2.6609 -0.6142
-2.1805 -3.1261 -0.4427
-2.4 -2.975 -0.2146
-2.4342 -3.2485 -0.152
-3.1621 -2.6417 -0.2777
-2.9979 -2.4686 -0.6313
-2.7725 -3.2021 0.5528
-3.2575 -2.8982 0.299
-2.8756 -2.773 -0.2932
-3.0849 -2.9105 -0.045
-2.3289 -2.0334 -1.131
-2.5402 -2.4738 -0.8003
-3.2832 -2.1408 -0.807
-2.9906 -2.3433 -0.8056
-2.5896 -3.8249 0.5417
-2.0576 -3.3657 -0.5382
-2.345 -3.9132 -0.2356
-2.1389 -4.1758 -0.5659
-3.0315 -3.9667 0.3692
-3.2493 -4.2121 0.2772
-3.2785 -4.5296 -0.0101
-2.7187 -4.5878 -0.46
-2.8535 -4.4076 -0.3638
-3.0013 -4.5502 -0.321
-2.0825 -4.5805 -0.7067
-3.4042 -2.6257 0.0401
-3.7864 -2.4852 0.4162
-3.3939 -2.4424 -0.3181
-3.5832 -2.44 -0.0843
-3.9131 -2.1151 -0.0423
-3.6393 -2.682 0.3729
-4.1516 -2.0048 0.3847
-3.3903 -4.4716 0.2962
-2.3942 -4.7141 2.9022
-2.1443 -4.7367 2.2924
-2.7248 -4.7028 2.6514
-2.8251 -4.6989 2.0295
-3.0718 -4.6912 2.1564
-2.4234 -4.7767 1.7627
-2.5475 -4.7675 1.0208
-2.8694 -4.7363 1.5386
-2.9971 -4.7112 1.9033
-2.7494 -4.6898 1.1698
-2.2637 -4.7773 -0.0654
-2.4167 -4.7706 -0.4607
-3.2021 -4.7336 0.5998
-3.0389 -4.7833 0.2124
-2.9491 3.5713 -2.4937
-2.8602 3.295 -2.4725
-3.3057 3.8586 -2.3615
-2.9659 3.8522 -2.9922
-2.8857 3.2733 -2.9974
-3.0712 4.3406 -3.3981
-3.2381 4.0937 -3.4115
-3.0885 4.134 -3.6496
-2.6884 3.773 -3.6875
-2.784 3.3447 -3.4828
-3.0068 3.4528 -3.5564
-3.1647 3.4223 -3.3286
-3.884 3.9671 -2.582
-3.4283 4.257 -2.855
-3.5581 4.2559 -3.2382
-3.6891 4.2342 -2.8439
-3.623 3.3935 -2.3145
-3.8551 3.6744 -2.0116
-3.8457 3.4514 -2.1755
-3.3317 3.6076 -3.1424
-2.8255 3.0941 -2.5416
-2.7607 2.8949 -2.0496
-3.039 2.7625 -2.4664
-2.9124 3.0029 -3.3023
-3.2748 3.0558 -2.9919
-3.1706 2.5103 -2.3639
-3.3085 2.5409 -2.7146
-3.0986 3.1173 -3.4119
-3.3403 2.7424 -3.0876
-3.5165 2.5659 -2.0928
-2.8983 3.3866 -1.9002
-3.2304 3.5388 -1.4472
-3.5671 3.3078 -0.9303
-3.8035 3.2642 -1.208
-3.4447 3.758 -1.5882
-3.6031 3.5645 -1.516
-3.7438 1.3803 3.3984
-3.9279 1.554 3.3013
-3.4178 1.2211 3.2531
-3.3178 0.7239 3.3964
-4.0572 1.2114 3.3415
-4.1909 0.9574 3.2784
-3.0651 0.6004 3.2455
-3.5616 0.2568 3.2835
-2.6174 2.443 2.1956
-2.634 2.3078 2.1991
-3.0961 2.403 2.4221
-2.6077 2.8013 1.7057
-2.3691 2.6351 1.5501
-2.1421 2.6595 0.7692
-2.4683 3.0075 0.6496
-2.5271 2.7785 1.2508
-2.2776 2.465 1.5937
-2.2799 2.0563 1.5942
-2.4189 1.977 1.91
-2.2329 2.4628 1.1607
-2.0703 1.9824 1.1177
-3.0068 2.7769 1.7149
-3.2228 2.8146 1.4522
-2.7989 2.9022 1.199
-3.2036 2.8809 0.9599
-2.421 1.6734 2.0947
-2.629 1.0449 2.6185
-2.6286 0.667 2.6403
-2.0073 1.1657 1.9549
-2.4528 1.1935 2.3544
-2.4078 0.6506 2.4064
-2.9911 1.8427 2.6289
-3.1281 1.3558 2.9515
-2.82 1.8744 2.3359
-2.9177 1.7318 2.3946
-2.7395 1.2955 2.5588
-2.912 0.97 2.9491
-2.8867 0.638 2.9137
-2.2446 1.6989 1.7945
-2.087 1.5718 1.7783
-3.3679 2.6054 2.3531
-3.4425 2.7701 1.9374
-3.6435 2.6741 2.2802
-3.5006 2.1237 2.8916
-3.8084 2.3698 2.5295
-4.0909 2.1621 2.6258
-4.1559 2.5039 2.2085
-4.3892 2.0641 2.2691
-3.6953 2.8406 1.6473
-3.5649 2.9157 0.9797
-3.9126 2.8461 1.0754
-3.6813 2.7405 0.6383
-4.2491 2.6892 0.9157
-4.3998 2.4857 1.7326
-4.4729 2.3302 1.8608
-4.4632 2.5528 1.2978
-4.529 2.5439 1.0667
-4.3977 2.5336 0.7085
-4.5505 2.2515 1.0013
-4.3502 2.0269 0.6455
-3.9504 1.8082 3.0131
-4.2183 1.4273 3.1532
-4.3155 1.6997 2.7112
-4.4989 1.8159 2.4805
-4.4339 1.0242 2.9469
-4.5195 1.176 2.8217
-4.552 1.2625 2.4267
-4.4638 1.7824 1.6783
-4.5843 1.3819 1.583
-4.5905 1.8185 1.0058
-4.5872 1.6477 0.9822
-4.5963 1.3405 0.7906
-2.3189 2.9373 -0.0794
-2.0268 2.81 -0.1882
-2.0771 2.0163 0.1885
-2.0258 2.2486 -0.0622
-2.4481 1.9331 -0.0697
-2.8882 2.7545 0.2597
-3.1245 2.7667 0.5063
-3.2282 2.7916 0.1811
-3.0164 2.6871 -0.0638
-2.7724 2.3736 -0.1354
-2.8605 2.5661 -0.4888
-2.8567 2.1059 -0.4133
-2.968 3.1677 -1.1359
-2.8485 2.7915 -1.1463
-3.1622 3.1956 -0.7531
-2.8173 3.0717 -1.533
-2.938 2.6038 -1.9656
-2.8506 2.338 -0.7173
-2.8597 2.5695 -1.329
-3.0339 2.1732 -1.0397
-3.0418 2.3669 -1.8909
-3.139 2.2396 -1.3756
-2.0304 1.6715 0.176
-2.3181 1.6158 -0.0507
-2.0258 1.2723 -0.0289
-2.2337 0.6992 -0.5588
-2.4242 0.9647 -0.385
-2.6346 0.6721 -0.5172
-3.2524 1.4927 -0.4131
-2.8979 1.1064 -0.4345
-3.1399 0.7844 -0.4117
-3.3539 2.8855 0.4867
-3.5041 2.98 -0.3021
-3.3425 3.2296 -0.5169
-3.6273 3.0571 -0.6088
-3.4522 2.117 -0.6403
-3.7917 2.5494 -0.2153
-3.8477 2.5112 -0.0537
-3.6438 2.5491 -0.4334
-3.7148 2.0388 -0.2753
-4.1649 2.2837 0.2447
-4.0197 2.0345 -0.0493
-3.6252 2.7164 -1.0439
-3.7816 2.8999 -0.8346
-3.5712 2.7188 -1.8213
-3.7918 3.1057 -1.3909
-3.6557 3.0805 -1.6062
-3.4538 2.2522 -1.2009
-3.4902 2.4017 -1.6559
-3.5587 2.5417 -1.7481
-3.6147 1.6933 -0.3183
-3.8807 1.5859 -0.1743
-3.7838 1.2552 -0.3136
-3.8518 0.9972 -0.3329
-4.2856 1.8532 0.2627
-4.157 1.5301 -0.0017
-4.405 1.3032 0.0993
-4.5567 1.1868 0.4033
-4.3615 1.0304 -0.0064
-4.5691 0.6789 0.2719
-4.1148 0.738 -0.1986
-2.0198 0.4977 2.059
-2.1037 0.2087 2.2649
-2.4897 0.3714 2.3666
-2.1638 -0.0579 2.4917
-2.598 -0.0879 2.4498
-2.9089 0.3422 2.7374
-2.9587 -0.0175 2.451
-2.6794 -0.6543 2.7717
-3.0384 -0.3749 2.6665
-2.2488 -1.1529 2.8721
-2.3113 -1.5311 2.9352
-2.422 -1.691 2.8802
-2.6755 -1.3431 2.897
-2.9949 -0.8236 2.68
-3.0779 -1.1743 2.7831
-2.9742 -1.9164 2.6896
-3.0476 -1.5837 2.8402
-3.2776 -1.484 2.6574
-3.4096 0.2099 3.2175
-3.7739 0.2655 3.0553
-3.8217 -0.0153 2.7288
-3.5471 -0.0315 2.5832
-3.3642 -0.5342 2.6197
-3.6628 -0.4274 2.2888
-4.0703 0.4047 3.1422
-4.0979 0.1033 2.8069
-4.4439 0.5199 2.9676
-4.3114 0.0141 2.1905
-4.2366 0.0292 1.6585
-4.5805 0.3275 1.5942
-4.4647 0.2454 1.8417
-4.5781 0.1986 0.6788
-3.9774 -0.1089 1.8716
-4.2866 -0.2746 1.5061
-4.122 -0.4387 1.7994
-4.3103 -0.2933 0.758
-4.4835 -0.4436 1.2405
-4.5333 -0.6522 0.7317
-3.5651 -0.9213 2.5483
-3.9027 -1.2037 2.2762
-3.3581 -1.7618 2.5995
-3.3561 -1.969 2.4608
-3.7712 -1.5638 2.3708
-4.0662 -1.7911 2.0673
-4.3133 -0.8157 1.7397
-4.5275 -0.8062 1.426
-4.371 -1.1151 1.7884
-4.5612 -0.9432 0.9546
-4.5042 -1.1003 1.1814
-4.5242 -1.0999 0.782
-4.2067 -1.5133 1.8849
-4.322 -1.4298 1.5259
-4.3278 -1.6606 1.2866
-4.3368 -1.5603 0.8626
-4.4945 -1.4091 0.9181
-2.3532 0.3806 -0.8663
-2.4299 -0.0216 -1.0284
-2.1524 -0.2613 -1.1608
-2.0937 -0.5806 -1.21
-2.8292 0.1177 -0.7886
-2.7145 -0.1196 -0.9685
-3.054 -0.2205 -0.8553
-3.0432 -0.64 -0.9558
-2.1747 -0.8471 -1.2286
-2.6319 -0.7436 -1.1336
-2.3466 -1.1032 -1.3416
-2.0468 -1.7521 -1.2043
-2.7661 -1.0363 -1.1227
-3.3009 -1.0173 -0.8803
-2.7901 -1.476 -1.1301
-2.6716 -1.8911 -1.1523
-3.1822 -1.8785 -1.0136
-3.7178 0.0431 -0.2765
-3.406 -0.1448 -0.6427
-3.6527 -0.1793 -0.5201
-3.9506 -0.3771 -0.3794
-4.0089 0.1258 0.0888
-4.2782 0.2338 0.2139
-4.603 0.4277 0.4655
-4.0491 0.415 -0.0492
-4.2217 -0.0356 0.3707
-4.2699 -0.433 0.1926
-4.3802 -0.2897 0.4182
-3.9435 -1.8606 -0.3199
-4.2899 -0.9015 0.0828
-4.1887 -0.7414 -0.1474
-4.2195 -1.217 -0.0647
-4.2606 -1.6958 0.1303
-4.4346 -1.4274 0.3523
-4.1604 -1.633 -0.133
-3.4777 -0.9764 -0.8213
-3.5332 -1.5524 -0.8515
-3.5213 -1.8432 -0.7243
-4.6465 2.172 1.4325
-4.6678 0.8939 2.6283
-4.6885 0.7114 2.0674
-4.737 1.0987 1.914
-4.7909 1.273 1.3202
-4.8577 0.9764 1.4881
-4.7872 1.0473 0.9154
-4.8311 0.7813 1.2002
-4.694 0.935 0.6657
-4.6654 0.5548 2.6091
-4.6911 0.4377 1.96
-4.6893 0.4206 0.8526
1.5511 -2.1713 -2.013
0.8969 -2.224 -2.1941
0.6777 -2.5808 -2.1313
1.0233 -2.8246 -2.0017
0.4057 -2.568 -2.2004
0.1745 -2.0199 -2.3369
0.4548 -3.1714 -2.1045
0.0163 -2.9802 -2.1004
-0.2601 -2.0191 -2.3599
-0.1087 -2.4832 -2.3069
-0.1108 -3.2125 -2.0154
-0.3623 -2.7175 -2.2044
4.5643 -2.4454 1.3821
4.5893 -2.6091 1.4959
4.576 -2.5292 1.3865
4.5569 -2.5219 1.3931
4.621 -2.5354 1.2792
4.629 -2.6299 1.4289
4.625 -2.6162 1.3791
4.7221 -2.5533 1.275
4.7298 -2.5916 1.2383
4.7498 -2.5026 0.9543
4.7833 -2.6044 0.9763
4.5765 -2.3966 1.1977
4.5746 -2.4219 1.1957
4.6262 -2.4303 1.1293
4.717 -2.4683 0.9655
4.6354 -2.407 1.1102
4.5597 -2.4088 1.053
4.5732 -2.4501 1.0739
4.7109 -2.5972 1.142
4.6232 -2.5302 1.2676
4.6483 -2.5731 1.0367
4.6544 -2.5933 1.0655
4.7259 -2.5505 0.8155
4.7699 -2.6205 0.8463
4.7774 -2.6442 0.7447
4.6128 -2.4044 0.9373
4.5538 -2.3713 0.8909
4.5558 -2.4005 0.8137
4.5953 -2.4261 0.926
4.6316 -2.4402 0.883
4.5931 -2.49 0.8137
4.5757 -2.4048 0.7027
4.6008 -2.4876 0.7597
4.5766 -2.443 0.6433
4.6844 -2.5866 0.9098
4.7103 -2.519 0.7672
4.7021 -2.6073 0.7288
4.6482 -2.6066 0.6261
4.6309 -2.5058 0.7027
4.5978 -2.5169 0.6661
4.6068 -2.5101 0.6414
4.5669 -2.8718 1.701
4.5726 -2.968 1.6139
4.7297 -2.863 1.4269
4.7532 -2.8995 1.2891
4.739 -2.9496 1.4293
4.6511 -2.7939 1.5386
4.6104 -2.7516 1.54
4.5679 -2.7568 1.5761
4.6293 -2.8149 1.4623
4.6748 -2.7507 1.4381
4.7142 -2.7449 1.3454
4.7029 -2.8017 1.2963
4.6674 -2.8814 1.4413
4.6051 -2.8302 1.5782
4.6266 -2.8513 1.4862
4.5759 -2.9682 1.5796
4.7055 -2.8221 1.3591
4.559 -3.2518 1.636
4.7426 -3.0567 1.3284
4.6402 -3.0881 1.4778
4.6122 -3.1009 1.5231
4.701 -3.0164 1.384
4.6565 -3.1452 1.4042
4.607 -3.2206 1.5934
4.5863 -3.2112 1.5171
4.5595 -3.3047 1.4564
4.6952 -3.1861 1.3999
4.6963 -3.2329 1.2859
4.5958 -3.2776 1.3652
4.757 -2.7462 1.2533
4.81 -2.7333 1.0078
4.7807 -2.7356 1.0401
4.7621 -2.7317 0.9754
4.801 -2.9026 1.1296
4.7978 -2.8499 1.1188
4.7783 -2.8725 1.1584
4.8052 -2.8486 1.1105
4.7989 -2.8271 1.0967
4.7486 -2.9561 1.0492
4.6898 -2.7657 1.2359
4.6972 -2.7677 1.1131
4.8409 -2.7935 0.9207
4.821 -2.7861 0.9017
4.833 -2.7973 0.8206
4.7848 -2.6917 0.9038
4.7493 -2.7231 0.8338
4.7322 -2.7965 0.8232
4.7387 -2.6988 0.6935
4.7543 -2.8015 0.7181
4.7331 -2.8166 0.6817
4.8078 -2.8847 0.9085
4.8115 -2.8767 0.8402
4.833 -2.8679 0.7932
4.8236 -2.9722 0.8719
4.815 -2.9772 0.9041
4.7393 -2.8281 0.9055
4.8165 -2.8305 0.7137
4.7375 -2.8418 0.7332
4.7778 -2.8605 0.701
4.7294 -2.9135 0.7254
4.7396 -2.9159 0.6407
4.8737 -3.0213 0.9773
4.816 -3.2017 1.1831
4.7351 -3.1676 1.0843
4.711 -2.9936 1.2444
4.7141 -3.1754 1.2686
4.6749 -3.2678 1.2357
4.8601 -3.0271 0.7764
4.8273 -3.0526 0.7283
4.6772 -3.3299 1.3575
4.7044 -3.4267 1.338
4.7164 -3.409 1.2834
4.5781 -3.5515 1.5847
4.662 -3.5291 1.3953
4.6919 -3.611 1.0577
4.7795 -3.364 0.7013
4.5723 -3.6859 0.8034
3.4485 -2.1923 2.225
3.5662 -2.4314 2.0817
3.8295 -3.2455 2.0913
4.4408 -2.4155 1.3858
4.5203 -2.6043 1.5568
4.4833 -2.6198 1.5051
4.4428 -2.5796 1.5374
4.4528 -2.5295 1.3846
4.1755 -2.6542 1.7175
4.2325 -2.2757 1.1325
4.34 -2.2935 0.978
4.2772 -2.298 1.0461
4.2802 -2.3071 0.9548
4.388 -2.3021 0.9072
4.2272 -2.2555 0.8839
4.2938 -2.2817 0.819
4.2498 -2.2806 0.8325
4.3601 -2.2897 0.7193
4.3756 -2.3136 0.6278
4.2921 -2.3153 0.7296
4.5331 -2.3869 1.1885
4.4833 -2.4239 1.1627
4.4712 -2.3702 1.2652
4.4555 -2.3409 1.144
4.3935 -2.34 1.0667
4.3983 -2.3585 0.9579
4.3764 -2.3505 0.9577
4.3364 -2.3717 0.9572
4.5478 -2.4101 0.8498
4.5412 -2.4318 0.8112
4.465 -2.4037 0.9367
4.4353 -2.3777 0.9163
4.4813 -2.3957 0.6591
4.5023 -2.4106 0.7504
4.5086 -2.4138 0.6258
4.4821 -2.4475 0.6397
4.4018 -2.399 0.6407
4.3424 -2.3952 0.8933
4.381 -2.3984 0.7207
4.3153 -2.3308 0.626
4.1416 -2.3134 1.0695
4.1353 -2.3076 0.9971
4.1016 -2.2673 0.9857
4.0204 -2.3256 0.9815
4.1185 -2.2632 0.9019
4.1208 -2.3194 0.8121
4.1954 -2.265 0.7582
4.2234 -2.2939 0.6533
4.1336 -2.2895 0.732
4.0026 -2.2575 0.9306
4.0155 -2.2563 0.8864
4.0761 -2.335 1.1138
4.1662 -2.3753 0.9334
4.4869 -2.6667 1.6052
4.5175 -2.8178 1.6387
4.4826 -2.8985 1.7619
4.4801 -2.8264 1.6792
4.5519 -2.9211 1.745
4.474 -2.9536 1.7189
4.5236 -2.9239 1.6552
4.5125 -2.9712 1.6161
4.3505 -2.8985 1.779
4.5474 -2.6697 1.5669
4.4442 -2.7291 1.5979
4.5178 -2.9593 1.5938
4.3971 -2.9932 1.8651
4.4458 -3.106 1.7714
4.4717 -2.9874 1.7113
4.4582 -3.1098 1.6772
4.4716 -3.2066 1.7826
4.5403 -3.185 1.6347
4.5251 -3.161 1.6267
4.4554 -3.2486 1.7001
4.5049 -3.0809 1.593
4.4827 -3.3006 1.5686
3.8897 -2.1199 1.5036
3.8829 -2.6976 1.7317
3.5661 -3.0292 1.8924
3.5947 -3.4722 2.0908
3.7231 -3.6013 2.0683
3.2498 -3.3225 2.176
3.391 -3.8834 2.0632
4.2459 -3.4956 1.8866
4.5436 -3.3121 1.4601
4.4857 -3.4163 1.5859
4.5493 -3.6341 1.3371
4.2753 -3.8212 1.5643
4.3807 -3.9529 0.7184
4.1079 -4.0462 1.3709
4.1101 -4.166 1.0153
3.5793 -4.2892 1.412
3.5092 -4.3469 1.6544
4.6419 -2.5726 0.5979
4.642 -2.5392 0.5671
4.6239 -2.6068 0.6012
4.5607 -2.5382 0.4471
4.5765 -2.6495 0.4525
4.6028 -2.6527 0.328
4.5654 -2.6445 0.3532
4.7232 -2.777 0.6184
4.7718 -2.8666 0.5791
4.7667 -2.8207 0.5024
4.7926 -2.9271 0.5106
4.6519 -2.6776 0.589
4.6844 -2.7248 0.5232
4.7141 -2.7618 0.6162
4.6921 -2.7418 0.475
4.6317 -2.6632 0.4003
4.6077 -2.7338 0.3288
4.5833 -2.7567 0.3976
4.6291 -2.797 0.3253
4.6127 -2.7913 0.3211
4.704 -2.8945 0.4545
4.6935 -2.8898 0.4529
4.657 -2.8956 0.4087
4.6573 -2.8966 0.4071
4.7089 -2.9796 0.34
4.6377 -2.9018 0.3416
4.6329 -2.8939 0.3631
4.5725 -2.7938 0.2249
4.7819 -2.9899 0.5909
4.7258 -3.0434 0.4613
4.7316 -3.0849 0.5748
4.6598 -3.0042 0.3742
4.6946 -3.1359 0.2675
4.59 -3.0156 0.1955
4.5882 -3.047 0.189
4.6073 -3.08 0.213
4.5179 -2.4522 0.5025
4.5114 -2.4541 0.4836
4.4837 -2.4724 0.4833
4.4558 -2.3887 0.5603
4.4635 -2.4726 0.4861
4.489 -2.4523 0.432
4.4353 -2.452 0.4206
4.4088 -2.4665 0.4221
4.5415 -2.5481 0.5651
4.5033 -2.5361 0.4166
4.55 -2.577 0.3855
4.5175 -2.6224 0.3697
4.4633 -2.5406 0.3468
4.437 -2.5677 0.3739
4.3916 -2.5678 0.323
4.4484 -2.5941 0.4068
4.3085 -2.4277 0.3826
4.3691 -2.5515 0.421
4.3665 -2.5539 0.3213
4.3363 -2.4862 0.2882
4.3477 -2.6487 0.1822
4.3423 -2.6533 0.1498
4.0356 -2.416 0.4674
4.515 -2.7035 0.2659
4.4496 -2.699 0.2225
4.3947 -2.7231 0.2311
4.4195 -2.7127 0.1347
4.3987 -2.7352 0.1442
4.4624 -2.769 0.2282
4.4536 -2.7875 0.2114
4.5463 -2.877 0.2336
4.4873 -2.9653 0.1854
4.4363 -2.8754 0.1175
4.4172 -2.8615 0.1243
4.4483 -2.9296 0.0203
4.3594 -2.7134 0.1406
4.2773 -2.8112 0.0102
4.3243 -2.8525 0.0116
4.5352 -2.9857 0.1777
4.5014 -3.1111 0.1608
4.4954 -3.0117 0.0737
4.4786 -3.0677 0.058
4.4992 -3.115 -0.0083
4.4106 -3.0066 0.0121
4.4405 -3.0823 0.0127
4.4037 -3.1383 -0.0137
4.311 -2.9862 0.0297
3.9177 -2.7737 0.0693
3.9129 -3.1537 -0.1894
3.862 -2.2538 0.3103
3.7229 -2.1101 -0.1603
3.7005 -2.5133 -0.2587
3.4755 -3.1432 -0.3076
3.2702 -3.1352 -0.6613
3.2613 -2.6642 -0.853
4.3095 -3.9174 0.3635
3.9309 -4.234 0.4611
4.1244 -4.0943 0.1842
3.7844 -3.3514 -0.2936
3.7047 -3.7083 -0.2719
3.7131 -4.2386 0.2744
3.6723 -4.4045 0.5877
3.4675 -4.406 0.2403
3.387 -4.342 0.0578
2.2842 -2.224 3.293
2.2547 -2.108 3.2608
2.1818 -2.1765 3.3697
2.0115 -2.0889 3.4611
1.9931 -2.3506 3.384
2.0432 -2.7072 3.2907
2.019 -2.8498 3.2715
2.0537 -2.8663 3.2486
1.661 -2.1156 3.5052
1.9246 -2.3787 3.4109
1.8077 -2.4258 3.46
1.8194 -2.6305 3.4174
1.682 -2.5357 3.4547
1.5118 -2.175 3.6156
1.5156 -2.2009 3.6242
1.4537 -2.2851 3.5729
1.2931 -2.1296 3.5811
1.3007 -2.3155 3.5946
1.3015 -2.6244 3.5813
1.5616 -2.3814 3.5684
1.5761 -2.5166 3.5426
1.5834 -2.644 3.4873
1.4315 -2.4796 3.5626
1.3045 -2.4393 3.5643
1.9268 -2.8788 3.2957
1.7889 -2.8694 3.3053
1.7144 -2.7967 3.387
1.8117 -3.2966 3.2786
1.6421 -3.1272 3.3378
1.4812 -2.8727 3.5011
1.3042 -2.7914 3.5308
1.3904 -2.9448 3.5127
1.5337 -3.0162 3.4426
1.2999 -3.1527 3.4535
1.2709 -2.0267 3.6104
1.2214 -2.2571 3.6399
1.0158 -2.2472 3.6934
1.2421 -2.4832 3.6439
1.0742 -2.5383 3.6001
1.2106 -2.39 3.5464
1.0447 -2.5962 3.5467
0.7703 -2.1212 3.7136
0.7236 -2.2814 3.6971
0.892 -2.3317 3.7072
0.8586 -2.4868 3.657
0.8327 -2.6553 3.5781
0.6867 -2.3519 3.7181
0.779 -2.5607 3.6468
1.2582 -2.9153 3.6235
0.9496 -2.8844 3.6475
0.9938 -2.9494 3.617
1.063 -2.7236 3.5667
0.9242 -2.9631 3.6009
0.7628 -2.7072 3.6358
0.673 -2.9244 3.5887
0.7589 -3.0259 3.6089
1.5571 -3.6755 3.2968
1.1377 -3.724 3.315
0.7861 -3.4241 3.4447
0.4973 -2.126 3.7372
0.5982 -2.2335 3.7122
0.3873 -2.2805 3.6828
0.5428 -2.4306 3.6146
0.4594 -2.4831 3.5907
0.4525 -2.3784 3.6435
0.208 -2.0617 3.6657
0.0438 -2.1086 3.6368
0.1364 -2.3527 3.5771
0.2921 -2.6379 3.474
0.1937 -2.5337 3.5152
0.0585 -2.3819 3.5463
0.0162 -2.3401 3.5553
-0.0189 -2.5202 3.4477
0.4923 -2.6602 3.541
0.5013 -2.9182 3.482
0.4819 -2.9246 3.4625
0.4555 -2.8091 3.5659
0.5523 -3.3045 3.4682
0.4446 -3.0891 3.4248
0.2179 -2.759 3.4974
0.0297 -2.6613 3.4861
0.0733 -2.9396 3.4397
0.0012 -2.8663 3.3376
-0.0115 -2.83 3.3138
0.1679 -3.1578 3.3761
0.1837 -3.2465 3.279
0.1087 -3.1167 3.3653
-0.0939 -2.0304 3.6034
-0.0495 -2.2644 3.5516
-0.1665 -2.2373 3.4824
-0.2583 -2.0849 3.4776
-0.3101 -2.0441 3.4144
-0.2102 -2.3856 3.2911
-0.2478 -2.4289 3.2708
-0.4825 -2.0457 3.3043
-0.3645 -2.187 3.3006
0.2822 -3.4289 3.3063
0.149 -4.1594 3.2772
-0.3483 -3.9118 3.2931
-0.1162 -4.5393 3.3747
-0.3775 -4.5283 3.4207
-0.9419 -4.2991 3.2507
2.6176 -2.1904 2.9207
2.8528 -2.4712 2.6815
3.1983 -2.309 2.5121
3.0998 -2.6541 2.5036
2.8812 -3.3099 2.6274
2.6845 -3.123 2.7925
2.5065 -2.143 3.1685
2.5518 -2.3263 3.0387
2.5013 -2.2363 3.0528
2.3353 -2.1241 3.2295
2.4077 -2.5105 3.1791
2.4081 -2.5842 2.9677
2.2361 -2.3208 3.2021
2.2066 -2.4379 3.1943
2.4588 -2.6985 2.9877
2.3883 -2.6647 3.1317
2.2686 -2.8865 3.1097
2.4788 -3.2402 2.9757
2.1399 -2.7582 3.1535
2.1688 -2.9571 3.1535
1.9748 -3.0869 3.1786
3.0226 -3.5707 2.3795
2.7015 -3.6928 2.4678
2.6898 -4.0876 2.3494
2.8489 -4.1867 2.1485
2.2623 -3.3972 3.1081
2.0929 -3.8872 2.8355
2.2613 -4.0427 2.7145
2.4005 -4.1568 2.6419
2.4959 -4.3934 2.4182
3.2343 -4.1977 1.8434
3.0766 -4.4156 1.5641
2.8937 -4.4441 1.8136
3.1191 -4.5815 1.0454
1.9077 -3.535 3.0781
1.4367 -3.9254 3.1121
1.6493 -4.0471 2.9007
1.9261 -4.4985 2.8882
1.0201 -4.0068 3.0402
0.9711 -4.3824 3.0693
0.6953 -4.0165 3.0094
0.7129 -4.3869 2.3804
1.2699 -4.4886 1.6459
1.0285 -4.5164 1.3668
0.8805 -4.48 1.6894
0.763 -4.4814 0.8456
3.1695 -2.3289 -0.9559
2.7064 -2.5336 -1.4295
2.941 -3.2391 -0.9774
2.9113 -2.6715 -1.1522
2.4406 -2.2721 -1.5597
2.0442 -2.2657 -1.8156
2.0987 -2.4787 -1.722
2.4732 -2.7357 -1.4845
2.0064 -3.0853 -1.6549
3.0859 -3.4616 -0.5705
2.8609 -3.9283 -0.4049
2.8505 -4.5921 0.3459
3.0235 -4.1827 -0.2521
2.621 -4.1894 -0.3879
2.5205 -4.1261 -0.5699
2.3792 -4.5053 -0.2574
2.5958 -3.5208 -1.2673
2.8717 -3.7623 -0.8235
2.7373 -3.9223 -0.894
2.2719 -3.8823 -1.3243
2.1312 -3.4235 -1.615
2.0188 -3.6179 -1.5331
2.3361 -4.0809 -1.2237
2.2 -4.4906 -0.9246
1.9436 -4.0133 -1.4563
1.7838 -2.498 -1.8952
1.364 -2.6343 -1.9422
1.9249 -2.8862 -1.8237
0.9404 -3.2088 -1.9654
1.298 -4.4249 -0.0928
1.2974 -4.4468 -0.4689
0.9488 -4.417 0.2092
0.9394 -4.4628 -0.5582
1.7071 -3.4268 -1.7711
1.3909 -3.6335 -1.6705
1.8397 -4.449 -1.323
1.3479 -4.2252 -1.3682
1.3391 -4.4091 -1.3939
1.11 -3.6768 -1.803
0.7704 -3.5757 -1.8068
1.2596 -3.9767 -1.5538
1.255 -4.5749 -1.3765
2.0283 -4.6963 2.4274
2.8564 -4.6245 1.2906
2.651 -4.6462 0.828
2.3267 -4.6874 1.8861
1.9365 -4.7281 1.4714
2.5416 -4.6987 1.1627
1.2829 -4.6725 2.9307
1.5403 -4.6746 2.3799
1.5964 -4.659 1.6211
1.3827 -4.7901 0.6362
2.4038 -4.659 0.4174
2.077 -4.6697 0.1856
2.3272 -4.6748 -0.0708
1.8182 -4.7233 -0.2906
1.5528 -4.7156 -0.1388
1.2413 -4.6778 0.4044
0.9665 -4.6901 0.6033
1.9079 -4.7624 -0.8064
0.8997 -4.7672 -1.1258
0.7075 -4.7481 -1.3402
0.0335 -3.2967 3.1864
-0.0132 -3.2359 3.1453
-0.2018 -2.5712 3.1306
-0.4169 -2.0425 3.2185
-0.4168 -2.3168 3.2252
-0.4858 -2.3093 3.0709
-0.5566 -2.1876 3.0758
-0.542 -2.1698 2.9353
-0.6657 -2.0804 2.8791
-0.469 -2.5324 3.0474
-0.564 -2.3943 2.9163
-0.5792 -2.3322 2.9304
-0.5842 -2.5122 2.7825
-0.5744 -2.655 2.7323
-0.6777 -2.5423 2.6884
-0.6467 -2.639 2.5411
-0.1596 -2.8122 3.1892
-0.2091 -2.7285 3.1247
-0.2101 -2.974 3.059
-0.1238 -3.0599 3.1907
-0.1592 -3.2656 3.1443
-0.3141 -3.1707 3.0377
-0.3063 -3.044 2.8992
-0.4295 -2.9241 2.9199
-0.4356 -2.8165 2.8162
-0.5282 -2.7891 2.817
-0.5494 -2.9463 2.6559
-0.4568 -3.0921 2.7795
-0.5919 -2.8732 2.5866
0.3964 -3.6887 3.2328
0.1738 -3.4717 3.1974
0.1188 -3.5432 3.2006
-0.02 -3.6051 3.0839
0.1598 -3.6418 3.1536
0.3133 -4.4416 2.5658
0.1561 -4.4318 1.9521
-0.149 -3.4713 2.9828
-0.2232 -3.3421 3.0071
-0.673 -3.7485 2.7582
-0.4831 -3.5425 2.5843
-0.1187 -4.441 2.5763
-0.3459 -4.3739 2.4801
0.0183 -4.4448 0.7435
-0.2732 -4.5221 1.7707
-0.0692 -4.5194 1.378
-0.5236 -4.454 1.385
-1.0311 -2.0511 2.6539
-1.17 -2.5417 2.6443
-0.8276 -2.9938 2.3984
-1.6194 -2.5179 2.737
-1.7967 -2.6313 2.5623
-1.4357 -2.9679 2.7045
-1.765 -3.0527 2.59
-0.881 -3.4077 2.3512
-1.2525 -3.9595 2.5784
-0.8779 -4.113 3.2249
-1.1382 -4.054 2.9587
-1.0909 -4.5067 3.0279
-1.6369 -3.7066 2.4967
-1.8415 -3.4599 2.4654
-1.4922 -4.1158 2.7682
-1.3791 -4.6148 2.7113
-0.5545 -2.8235 -1.8448
-0.685 -3.0248 -1.6102
0.3676 -4.3983 0.5338
0.4171 -4.4456 -0.4328
-0.2903 -4.4517 0.388
-0.1774 -4.493 -0.2214
-0.4362 -4.4685 -0.624
0.4007 -3.5442 -1.9536
0.1395 -3.6167 -1.891
0.0231 -3.8979 -1.7621
0.4989 -4.364 -0.705
0.3444 -4.4559 -0.9078
0.2597 -4.5451 -1.5378
-0.2838 -3.5696 -1.8381
-0.5651 -3.6613 -1.5642
-0.1732 -4.4702 -0.8312
-0.0521 -4.3631 -1.6229
-0.5628 -4.0725 -1.6537
-0.4784 -4.3199 -1.6664
-0.5224 -4.4677 -1.707
-1.4008 -3.2181 -0.6293
-1.0999 -2.3724 -1.177
-0.8154 -2.6522 -1.62
-1.0133 -2.4176 -1.4599
-1.0201 -2.1052 -1.5861
-0.9335 -3.097 -0.8346
-0.8186 -3.2855 -1.2848
-1.042 -2.707 -1.0348
-1.3656 -2.2783 -0.9996
-1.4974 -2.4629 -0.9772
-1.9376 -2.321 -0.9203
-1.7432 -2.0403 -1.0657
-1.3068 -3.7699 -0.5902
-0.7269 -4.5276 0.5917
-0.9307 -4.4285 0.0077
-1.3012 -4.4113 -0.382
-1.7859 -3.7148 -0.5742
-1.6996 -3.9332 -0.6821
-0.8917 -3.6324 -0.7248
-0.7849 -3.7149 -1.3046
-0.7025 -4.4734 -0.9987
-0.8987 -4.4034 -0.7369
-1.2323 -3.9702 -1.4035
-1.1016 -4.3241 -1.7377
-1.5184 -4.0415 -1.0482
-1.6614 -4.2678 -1.0578
-1.7509 -4.1916 -0.843
-1.8216 -4.5167 -1.0531
0.5128 -4.6222 3.1244
0.0311 -4.7001 2.7923
-0.0363 -4.6285 3.1076
-0.6236 -4.7263 2.7451
-1.1114 -4.6968 2.2997
-1.7958 -4.6429 2.8423
-1.6202 -4.7343 2.14
-1.914 -4.6874 2.5746
-1.1357 -4.7255 1.4589
-0.6979 -4.6946 1.1539
-0.8841 -4.6941 1.0297
-1.1248 -4.7627 0.8145
0.1875 -4.7451 -1.1255
0.041 -4.7427 -1.4869
-0.4362 -4.7137 -1.3159
-0.5126 -4.8086 -1.5487
-1.7747 -4.8123 0.4867
-1.862 -4.8 0.0825
-1.5035 -4.7636 -0.5969
-0.8646 -4.6361 -1.1511
-1.0457 -4.712 -1.6256
-1.8539 -4.803 -0.7123
-1.4112 -4.7563 -1.3897
1.2431 -1.238 -2.004
1.1314 -1.6398 -2.0331
1.0784 -1.9401 -2.1636
0.837 -1.4398 -2.1361
0.1596 -0.9777 -2.0516
0.4571 -1.5272 -2.306
0.4995 -1.8752 -2.3088
-0.4008 -1.2833 -2.1489
-0.2469 -1.4746 -2.2317
-0.7203 -1.483 -2.0614
-0.7511 -1.9058 -2.0867
3.3295 0.0681 1.2088
3.2635 0.1572 0.7132
3.3233 -0.1543 1.7687
3.4524 -0.1814 1.3788
3.6422 -0.4041 1.1321
3.6949 -0.5488 0.6551
3.4408 -0.9183 2.1242
3.359 -0.7414 2.1454
3.2882 -1.2448 2.4698
3.4413 -1.4545 2.2893
3.9212 -1.6748 1.3336
3.9143 -1.9179 0.9842
3.5967 -1.2697 1.9306
3.8149 -1.1465 1.5228
3.8288 -0.9141 0.8968
3.7648 -1.4786 1.8181
3.7245 -1.9375 1.8779
3.8094 -1.8173 1.6026
3.3542 0.0305 0.2759
3.6027 -0.2286 0.5262
3.7541 -0.6859 0.3471
3.372 -0.1598 0.1005
3.604 -0.4696 -0.0796
3.2956 -0.4271 -0.3679
3.9218 -1.403 0.5874
3.9799 -1.9991 0.537
3.5902 -0.829 -0.1525
3.626 -1.135 -0.3565
3.4354 -1.2082 -0.6579
3.3138 -1.0506 -0.5768
3.8866 -1.7802 0.0742
3.78 -1.4021 -0.1069
3.3933 -1.5469 -0.8171
3.3976 -1.8838 -0.719
-0.0279 4.5548 -1.159
0.0879 4.5935 -1.283
0.1933 4.5559 -1.4131
-0.1391 4.6511 -1.0006
-0.3514 4.6371 -0.8456
-0.2592 4.6651 -0.9986
-0.3204 4.6592 -0.8602
-0.115 4.6902 -1.112
-0.4666 4.5744 -0.8054
-0.5582 4.2673 -0.5294
-0.4381 4.2145 -0.6067
-0.644 4.2227 -0.4657
-0.1485 3.2936 -0.5142
-0.245 3.5177 -0.5731
-0.1993 3.3707 -0.5741
-0.5045 3.7334 -0.6731
-0.6163 3.8893 -0.5436
-0.4097 3.2534 -0.3344
-0.5142 3.2727 -0.3149
-0.6502 3.2765 -0.2437
-0.4715 3.5623 -0.5059
-0.453 3.5045 -0.5121
-0.5644 3.3543 -0.3929
0.2981 4.0631 -1.2949
0.2126 4.3903 -1.3098
0.1382 4.413 -1.2576
0.2657 4.2955 -1.2968
0.0657 4.3898 -1.1721
0.0193 3.9737 -0.9864
0.2211 4.0885 -1.2539
0.2425 4.0002 -1.1221
0.1386 3.9505 -1.0441
0.0093 4.1961 -1.0614
0.0342 4.2248 -1.1382
0.3347 4.3335 -1.429
0.3124 4.3481 -1.4763
0.3671 4.1421 -1.438
0.3059 4.1073 -1.4287
0.3294 3.9109 -1.4547
0.276 4.4146 -1.4019
0.1303 4.4924 -1.5221
0.0456 4.4666 -1.4588
0.1001 4.2319 -1.4582
-0.0083 4.3563 -1.4907
0.2366 4.1717 -1.4419
0.0613 4.0141 -1.4688
0.3464 3.602 -0.9709
0.3514 3.7848 -1.083
0.3788 3.5952 -1.1436
0.3785 3.6667 -1.2224
0.1318 3.603 -0.9302
0.0864 3.8107 -0.9129
0.1562 3.5977 -1.2781
0.0217 3.8395 -1.3047
-0.0311 3.6865 -1.2148
0.2445 3.4697 -0.8835
0.2253 3.37 -0.9055
0.123 3.5067 -0.8507
-0.0167 3.4198 -0.7069
0.0522 3.351 -0.7007
0.2143 3.559 -1.0679
0.0699 3.4815 -1.0291
-0.0248 3.3841 -1.1035
0.3505 3.8959 -1.409
0.3577 3.7792 -1.3658
0.1732 3.8011 -1.4248
0.0181 3.7825 -1.3592
-0.0842 4.3569 -0.9928
-0.2496 4.2734 -0.7974
-0.3371 4.3819 -0.7832
-0.1088 4.5276 -1.2629
-0.1745 4.5065 -1.1872
-0.2049 4.3342 -1.3165
-0.1806 3.9317 -0.8481
-0.2085 4.0815 -0.8857
-0.2302 4.0501 -0.8351
-0.3177 4.136 -1.2441
-0.2556 4.0062 -1.2187
-0.4693 4.5022 -0.7147
-0.4808 4.4518 -1.0103
-0.5624 4.4848 -0.9039
-0.5492 4.2909 -0.7092
-0.66 4.3627 -0.7582
-0.3829 4.1513 -0.7324
-0.4402 4.1747 -1.0502
-0.4018 4.09 -1.0963
-0.4538 4.0762 -1.1677
-0.3989 3.9396 -1.1959
-0.0617 4.4667 -1.3518
-0.055 4.1238 -1.4298
-0.0485 4.0369 -1.3869
-0.0714 3.9754 -1.36
-0.1317 3.632 -0.7041
-0.2542 3.7764 -0.7981
-0.3478 3.6245 -0.7128
-0.1086 3.6041 -1.15
-0.22 3.8576 -1.2073
-0.2209 3.7309 -1.2282
-0.0353 3.3424 -0.9763
-0.1253 3.3798 -1.0104
-0.3507 3.4153 -0.9944
-0.316 3.3135 -0.8092
-0.2626 3.3733 -0.9228
-0.0666 3.5068 -1.0785
-0.4215 3.8407 -1.1796
-0.422 3.7153 -1.1772
-0.5386 3.6011 -1.0887
-0.6009 3.6303 -1.0415
-0.4127 3.4679 -1.024
-0.5887 3.4358 -1.0363
-0.8438 4.2682 -0.4112
-0.8164 4.2687 -0.4996
-0.9073 4.2764 -0.5454
-0.8266 4.0878 -0.2721
-0.9545 4.0641 -0.2757
-0.6912 4.0817 -0.473
-1.2067 4.0919 -0.2501
-1.0737 4.0884 -0.4132
-1.0373 4.1956 -0.6103
-1.2337 3.8671 0.0786
-0.8123 3.8588 -0.273
-0.8183 3.7623 -0.357
-0.6956 3.6127 -0.448
-0.7291 3.6433 -0.4598
-0.9002 3.3745 -0.1907
-1.3639 3.9174 -0.3664
-1.4784 3.4063 0.3479
-1.6752 3.5846 0.2046
-1.7615 3.5698 0.1958
-1.3587 3.672 -0.6017
-1.7344 3.6494 -0.306
-1.9906 3.5206 -0.0356
-0.6979 4.3559 -0.7599
-0.8307 4.257 -0.7829
-0.7762 4.2231 -0.8452
-0.8243 4.0846 -0.914
-0.7246 3.9733 -0.9776
-1.0902 4.05 -0.6893
-0.808 3.7119 -0.9991
-0.8034 3.6248 -0.8867
-1.002 3.8111 -0.7827
-0.7735 3.355 -0.8519
-0.9061 3.453 -0.8581
-0.9614 3.5661 -0.9123
-1.2398 3.4222 -0.7351
2.3521 -1.8969 3.2758
2.1027 -1.6478 3.2865
1.9689 -1.395 3.2584
1.9608 -1.6248 3.3686
2.1301 -1.9856 3.3992
2.0447 -1.9161 3.3985
2.0673 -1.9733 3.3995
1.8696 -1.0979 3.2935
1.8429 -1.3338 3.3819
1.7194 -1.1048 3.2799
1.6446 -1.104 3.4013
1.4194 -0.787 3.244
1.4093 -0.9116 3.3711
1.4442 -1.0437 3.3977
1.4714 -1.3237 3.541
1.3566 -1.1623 3.5074
1.2912 -1.2605 3.5162
1.8991 -1.3486 3.3609
1.7906 -1.448 3.4057
1.672 -1.476 3.5074
1.7551 -1.5354 3.4531
1.8026 -1.8239 3.4823
1.8469 -1.8082 3.3565
1.6508 -1.8262 3.4924
1.2997 -1.4609 3.6551
1.3728 -1.5654 3.618
1.3952 -1.6671 3.6407
1.3183 -1.7441 3.6417
1.4976 -1.8848 3.519
1.4983 -1.9903 3.5296
1.3417 -1.8419 3.5605
1.1476 -0.7613 3.3738
1.1557 -0.9068 3.4138
1.1133 -0.9886 3.4602
1.2497 -0.9223 3.3159
0.9769 -0.7939 3.3612
0.9601 -0.8985 3.3828
1.1581 -1.1954 3.5977
1.0843 -1.0673 3.4895
0.957 -1.3076 3.5528
0.8908 -0.775 3.2896
0.8512 -0.8279 3.3922
0.8084 -0.9181 3.5538
0.6604 -0.8461 3.425
0.7321 -0.7228 3.3253
0.6556 -0.9766 3.444
0.8849 -1.1421 3.6325
0.6428 -1.3356 3.6749
0.8548 -1.0589 3.4947
0.7989 -1.2937 3.5704
0.6537 -1.0781 3.5057
1.0627 -1.3597 3.5768
1.0628 -1.4861 3.6136
0.9772 -1.5018 3.6692
1.1881 -1.9777 3.606
1.0114 -1.7065 3.5945
1.0451 -1.9879 3.671
0.9814 -1.8596 3.6489
0.8475 -1.3582 3.6382
0.6896 -1.3981 3.6828
0.7222 -1.5642 3.6898
0.8828 -1.8221 3.7124
0.8136 -1.8629 3.7088
0.6974 -1.7499 3.6388
0.7138 -1.9784 3.7412
0.5735 -0.9533 3.5653
0.5114 -0.9248 3.4395
0.3632 -0.9199 3.441
0.4216 -0.8647 3.3648
0.4882 -1.088 3.6201
0.5617 -1.3089 3.668
0.3484 -1.242 3.5741
0.4733 -1.1174 3.5303
0.3657 -1.2453 3.5686
0.2929 -0.8542 3.3648
0.1494 -1.038 3.5118
0.1336 -1.2471 3.4921
-0.0152 -1.0206 3.294
0.5258 -1.5024 3.6943
0.5899 -1.8521 3.6309
0.4013 -1.6954 3.6927
0.3671 -1.7487 3.6926
0.4527 -1.9895 3.6091
0.2254 -1.3749 3.6114
0.2417 -1.5502 3.6792
0.0358 -1.4533 3.6259
0.1326 -1.8113 3.6383
-0.095 -1.1179 3.4028
-0.0455 -1.2103 3.47
-0.1221 -1.2706 3.4562
-0.2938 -1.22 3.2808
-0.1835 -1.5009 3.5408
-0.1518 -1.6524 3.5262
-0.3475 -1.6592 3.4612
-0.0685 -1.7025 3.5392
-0.2293 -1.9294 3.4904
-0.247 -1.9877 3.5192
-0.3959 -1.4798 3.4617
-0.457 -1.4074 3.3771
-0.4461 -1.8359 3.4507
-0.3624 -1.9148 3.4028
-0.4509 -1.8494 3.3668
-0.4628 -1.8847 3.2709
-0.5393 -1.7965 3.347
2.4063 0.6506 2.0408
2.7274 0.6659 1.762
2.6836 0.7451 1.3198
2.6036 0.8309 0.6748
2.4995 0.7754 1.6058
2.1436 0.9698 1.8302
2.2784 1.0855 0.8404
2.2391 1.1209 1.231
1.7032 0.9498 1.9747
1.6192 0.7897 2.1942
1.4455 0.888 2.0856
0.6255 0.6816 2.323
1.4012 1.3344 1.1707
1.8933 1.1392 1.7058
1.643 1.1757 1.7573
1.7158 1.2351 1.0327
1.2718 1.3136 1.3599
0.9835 1.3563 1.1318
1.1838 1.2517 1.6626
0.7641 1.1435 1.6725
0.7159 1.2366 0.787
2.6233 0.6324 0.122
2.2745 1.0106 0.4437
2.3407 0.7561 -0.1348
1.9374 0.891 -0.3246
1.9216 1.2539 0.5171
1.7764 1.2322 0.2072
1.4481 1.2731 0.1878
1.3065 0.8574 -0.5274
0.9035 1.2881 0.4922
1.2186 1.063 -0.1875
0.8257 0.9964 -0.3094
0.9048 0.8325 -0.6111
1.6207 0.7396 -0.6993
2.8727 0.0543 2.2219
3.1555 -0.1228 2.109
2.8591 -0.3828 2.4074
2.0599 0.0044 2.6028
1.9977 0.1167 2.5887
2.587 0.0296 2.417
2.0177 0.3033 2.3357
2.2115 0.1085 2.4144
1.9342 0.0106 2.5563
2.3069 -0.3316 2.6607
2.3341 -0.4526 2.6771
2.3772 -0.5567 2.7438
2.0961 -0.3392 2.8455
2.2243 -0.6721 2.9392
2.1818 -0.6296 2.9876
1.949 -0.4786 2.9209
1.954 -0.6293 3.0331
2.1001 -0.4057 2.9076
2.2273 -0.538 2.8677
2.243 -0.1663 2.5751
2.1965 -0.1986 2.582
3.2183 0.1727 1.641
2.8694 0.3214 1.8648
3.1848 0.3928 1.1278
2.5926 -0.6929 2.7993
2.7292 -0.9679 2.8385
2.6535 -0.8893 2.8079
2.6661 -1.157 2.9713
2.6 -1.3157 3.0215
2.7125 -1.179 2.8817
3.1514 -0.7898 2.4248
3.0516 -1.6388 2.6547
2.9802 -1.9087 2.7851
2.6554 -1.9717 3.0237
2.4521 -1.0135 3.0721
2.2793 -0.9495 2.9807
2.4561 -0.8646 2.9001
2.476 -1.1977 2.9563
2.4909 -1.2831 3.0116
2.4101 -1.2527 3.1129
2.1492 -0.7673 3.0166
2.1907 -0.9269 3.0574
1.953 -0.8022 3.1522
1.9868 -0.9354 3.1684
2.0386 -0.9098 3.0444
2.031 -1.0707 3.1866
1.9914 -1.0362 3.1713
1.9749 -1.1568 3.2124
2.0944 -1.1927 3.1979
2.4448 -1.474 3.0947
2.5096 -1.647 3.0561
2.2924 -1.3923 3.1263
2.293 -1.5928 3.2011
2.5635 -1.8709 3.1133
2.2677 -1.7382 3.2166
2.2077 -1.3847 3.1697
2.1203 -1.4722 3.1681
1.6076 0.015 2.5939
1.2786 0.1711 2.7317
1.4106 -0.0271 2.6339
1.2809 0.036 2.7184
1.918 0.1391 2.5556
1.8545 0.1798 2.4303
1.47 0.4177 2.5416
1.5937 0.1981 2.5156
1.8713 -0.3007 2.7547
1.8292 -0.3475 2.8823
1.8593 -0.3075 2.7335
1.7677 -0.0904 2.6469
1.6995 -0.3197 2.8107
1.759 -0.2841 2.6955
1.8188 -0.4457 2.9692
1.8332 -0.5658 3.0127
1.7569 -0.4445 2.9862
1.6207 -0.4076 2.9668
1.6702 -0.6247 3.0983
1.6072 -0.5018 2.885
1.4936 -0.5205 2.9925
1.43 -0.6052 3.085
1.318 -0.6134 3.0935
1.373 -0.558 2.9869
1.5127 -0.3653 2.8434
1.5221 -0.4052 2.8204
1.3534 -0.3684 2.8496
1.3149 -0.3884 2.7704
1.202 0.1621 2.6268
0.8894 0.3017 2.6338
0.7906 0.3849 2.6109
0.7894 0.3064 2.6396
0.6606 0.1936 2.6427
0.6816 0.0167 2.7346
1.2345 0.5794 2.4214
1.2567 0.3975 2.5178
1.0259 0.6046 2.4589
1.0613 0.432 2.5096
0.8603 0.5054 2.4713
0.682 0.5455 2.5391
1.1635 -0.2059 2.747
1.0182 -0.3042 2.7233
1.2305 -0.4738 2.9294
1.1793 -0.6086 3.1239
1.0602 -0.6862 3.1525
1.0926 -0.5307 2.996
0.9637 -0.6462 3.0725
1.0179 -0.5329 2.9047
0.6619 -0.0932 2.732
0.7009 -0.1904 2.7463
0.902 -0.6723 3.1307
0.8009 -0.5748 3.0877
0.7886 -0.6141 2.9452
0.6809 -0.6874 3.2387
0.7802 -0.4801 2.809
0.6719 -0.4843 2.8989
1.8623 -0.7147 3.0357
1.8191 -0.9254 3.2208
1.6134 -0.7268 3.1641
1.5155 -0.7461 3.2282
2.8661 0.5819 0.4817
2.9179 0.3211 -0.1073
3.12 0.0141 -0.2907
2.6017 0.5813 -0.2186
2.7588 0.1275 -0.5845
2.0769 0.5907 -0.6496
3.1602 -0.5077 -0.7241
2.8478 -0.1476 -0.7122
2.4341 -0.0335 -0.8937
2.1409 0.0328 -1.0056
2.4962 -0.5006 -1.0342
2.1564 -0.2833 -1.0649
2.8677 -0.8173 -0.9377
2.5971 -1.2586 -1.3475
3.2133 -1.4004 -0.9182
3.1293 -1.9949 -1.0353
2.4831 -0.7437 -1.1546
2.5138 -1.0005 -1.3368
1.9419 -0.9105 -1.3828
2.1327 -1.2051 -1.6225
2.5053 -1.9125 -1.5172
2.301 -1.881 -1.6131
2.0033 -1.5058 -1.732
1.7588 0.3576 -0.8986
1.4713 0.108 -1.1808
1.6197 -0.0617 -1.0768
1.8472 -0.4411 -1.2326
1.3055 -0.3405 -1.1873
0.9074 0.331 -0.988
0.8727 0.0875 -1.1275
1.1773 -0.195 -1.1875
0.9505 -0.6118 -1.3621
1.924 -0.7069 -1.3389
1.8577 -1.1355 -1.7584
1.4331 -0.7519 -1.3943
1.5211 -1.0259 -1.7262
1.4701 -1.4964 -1.9389
1.4944 -1.8862 -1.9957
1.0316 -0.9229 -1.9076
0.8071 -0.7093 -1.624
0.3359 1.0189 1.7973
0.1521 1.0863 1.4432
0.5251 1.2663 1.1196
0.369 1.2704 0.8204
-0.2503 0.9753 1.5211
-0.507 0.7576 1.7405
-0.3852 0.9824 0.7998
-0.4384 0.9414 1.1797
-1.8679 2.6786 0.646
-1.9443 2.1705 0.6665
-0.9315 0.6427 1.6801
-1.2696 0.7535 1.7741
-0.816 0.9294 1.1556
-1.2393 1.0582 1.0376
-1.2598 1.1365 0.7171
-1.97 1.3662 1.5466
-1.5048 0.8354 1.7328
-1.924 1.0383 1.8205
-1.7939 0.6808 1.8215
-1.6586 1.157 1.0797
-0.6667 3.1195 -0.0105
-0.5871 2.9625 0.0414
-0.3454 3 -0.0419
-0.2613 3.0743 -0.3494
-0.3331 3.0382 -0.2412
-0.3595 3.001 -0.3262
-0.1988 3.1538 -0.5755
-0.5172 3.1169 -0.1219
-0.4152 3.1284 -0.3123
-0.5124 3.0689 -0.1422
-0.3835 2.9829 -0.5119
-0.3697 2.9457 -0.48
-0.5281 3.0266 -0.6757
-0.495 2.8749 -0.3657
-0.5485 2.8777 -0.5118
0.1451 3.212 -0.8125
0.0117 3.1518 -0.8087
-0.2194 3.1738 -0.8166
-0.3908 3.2084 -0.7412
-0.6817 3.0533 -0.7229
0.1569 1.0507 0.1612
0.5701 1.1751 -0.0749
0.4943 0.9986 -0.3581
0.5803 0.7658 -0.5633
0.022 0.964 -0.1463
-0.5399 0.953 0.3205
-0.5223 0.9311 0.0502
-0.3068 0.8033 -0.3174
-0.8371 3.0038 0.066
-0.8921 3.0253 0.1374
-0.9673 3.0345 0.1171
-1.1986 2.9886 0.412
-1.1106 2.7217 0.2058
-0.742 3.1634 -0.0629
-0.8149 3.2336 -0.1602
-0.7287 2.9362 -0.6505
-1.086 2.8806 -0.6225
-1.3122 2.5524 -0.0571
-1.8147 2.883 0.5322
-1.4023 2.9408 -0.5425
-1.7958 2.8834 -0.4196
-1.5299 2.4822 0.375
-1.6802 2.3487 -0.0319
-0.6925 3.2244 -0.8842
-0.7488 0.9897 0.6012
-0.8301 0.8684 0.1286
-1.0193 0.9533 0.1441
-0.9732 0.8368 -0.3311
-1.8251 1.364 0.556
-1.8222 1.113 0.1556
-1.5978 1.0784 -0.1107
-1.3467 0.9125 -0.3639
-1.7204 0.7533 -0.6508
-1.9734 0.8672 -0.4436
0.542 0.1466 2.6508
0.3766 0.2004 2.7
0.4421 0.0021 2.7478
0.3845 -0.0154 2.7242
0.2571 0.1139 2.5892
0.224 0.0592 2.6032
0.0434 0.1759 2.5914
0.5808 0.4467 2.4818
0.4482 0.3871 2.4705
0.526 0.2789 2.583
0.1444 0.5524 2.3541
0.19 0.3223 2.5428
0.02 0.0998 2.5786
0.4662 -0.0806 2.7293
0.4138 -0.2107 2.7938
0.3026 -0.2541 2.7653
0.5771 -0.6748 3.099
0.5878 -0.5652 2.9247
0.3681 -0.6489 2.9288
0.5439 -0.4372 2.8201
0.3439 -0.5206 2.8307
0.3763 -0.6251 2.9124
0.2617 -0.2413 2.7705
0.2795 -0.3575 2.8037
-0.023 -0.1078 2.6792
-0.0102 -0.0874 2.6412
0.0834 -0.3158 2.7308
-0.012 -0.2245 2.7072
0.2018 -0.6506 3.0017
0.1322 -0.6663 3.0392
0.1005 -0.3837 2.7837
-0.2972 0.0022 2.6668
-0.3674 0.0508 2.5381
-0.4541 0.1101 2.4312
-0.0611 -0.3429 2.8256
-0.2554 -0.2199 2.7191
-0.2639 -0.6346 2.9194
-0.0438 -0.5161 2.7807
-0.117 -0.5584 2.8582
-0.3263 -0.3878 2.763
-0.2855 -0.5349 2.8563
-0.4424 -0.2498 2.6196
-0.6377 -0.1634 2.6374
-0.653 -0.306 2.6121
-0.467 -0.6373 2.9025
-0.6059 -0.4413 2.7305
-0.4159 -0.0838 2.5302
-0.5588 -0.1755 2.5325
0.5486 -0.7244 3.2173
0.4259 -0.7396 3.1888
0.0619 -0.8061 2.9998
0.0105 -0.7746 3.0757
-0.1234 -0.7444 3.0519
-0.0896 -0.9706 3.2162
-0.2758 -0.8223 2.9788
-0.2029 -0.9448 3.1996
-0.3296 -0.9597 3.1636
-0.3546 -0.8786 2.9671
-0.5445 -0.9624 2.9234
-0.6523 -0.6995 2.8989
-0.6282 -0.8615 2.882
-0.478 -1.1396 3.1239
-0.5395 -1.1819 3.051
-0.5044 -1.3524 3.1664
-0.6557 -1.3799 3.0864
-0.6507 -1.6238 3.0739
-0.8347 0.3124 2.1807
-0.945 -0.0164 2.4873
-1.2664 0.4965 2.0368
-1.206 0.089 2.2674
-1.2444 -0.6049 2.6877
-1.1513 -0.1857 2.472
-1.6086 0.4969 2.0332
-1.4782 0.1737 2.2653
-1.6059 -0.1887 2.5898
-1.8961 -0.6047 2.7247
-0.7471 -0.7454 2.7758
-0.8192 -0.9651 2.8777
-1.2191 -0.9287 2.823
-0.8905 -1.8232 2.6865
-1.0422 -1.4647 2.7763
-1.2577 -1.8222 2.7437
-1.3561 -1.22 2.8356
-1.7407 -0.9363 2.8161
-1.9995 -1.1987 2.9162
-1.5332 -1.4753 2.6799
-0.1111 0.5946 -0.5626
0.6088 0.4242 -0.9192
0.3077 0.2974 -0.9069
0.5782 0.1682 -1.0873
0.003 0.0399 -1.1355
0.2287 -0.2307 -1.2627
0.4586 -0.6755 -1.3777
0.1046 -0.5768 -1.3585
-0.414 0.2837 -0.8796
-0.0505 -0.1856 -1.258
-0.1816 -0.4652 -1.3084
-0.6462 -0.3117 -1.3709
0.5905 -0.7961 -1.823
0.0209 -0.8797 -1.9316
-0.0701 -0.7624 -1.4044
-0.4673 -1.0123 -1.919
-0.7499 0.3916 -0.7584
-0.7351 0.0371 -1.0179
-1.0749 0.0778 -1.0713
-1.0291 -0.2486 -1.1355
-1.4849 0.5353 -0.7197
-1.5746 0.2891 -0.959
-1.5946 -0.426 -1.2518
-1.8444 -0.1457 -1.059
-0.9519 -0.851 -1.4113
-0.8268 -1.074 -1.4955
-0.8309 -1.3551 -1.6288
-0.857 -1.9024 -1.9446
-1.4072 -0.7294 -1.2184
-1.6629 -1.0424 -1.341
-1.8296 -0.6943 -1.2407
-1.9958 -1.2216 -1.2396
-1.4185 -1.7376 -1.1889
-1.9716 -1.9873 -1.0708